[[ 0.0150179   0.49443662 -0.25752074 ...  0.1048639   0.08862109
  -0.06367967]
 [ 0.52338934  0.5073138   0.8974707  ...  0.2163121  -0.50037336
  -0.12771566]
 [-0.14583541 -0.93697506  0.59187746 ... -0.22039226 -0.9886378
  -1.2180583 ]
 ...
 [-0.15538035 -0.12456851  0.71258175 ...  0.38098937 -0.41663235
  -0.52685225]
 [-0.3777094   0.57582974 -0.88711756 ...  0.9608911   0.27009028
  -0.09986722]
 [ 0.6541433   0.24759468  0.5861869  ...  0.2984088  -0.40336102
   0.33625612]]
6144
(8, 768)
[[0.9999999  0.55772936 0.18694633 0.28860778 0.39726996 0.6094007
  0.31753826 0.430317  ]]
[[0.55772936 1.0000002  0.34041196 0.21430032 0.6704924  0.64909935
  0.36344397 0.4740321 ]]
[[0.18694633 0.34041196 0.9999999  0.25836784 0.4524189  0.38615692
  0.19718719 0.30868557]]
[[0.28860778 0.21430032 0.25836784 1.0000001  0.2709238  0.22835876
  0.5898562  0.34844124]]
[[0.39726996 0.6704924  0.4524189  0.2709238  1.         0.5629688
  0.29331318 0.48399004]]
[[0.6094007  0.64909935 0.38615692 0.22835876 0.5629688  1.0000002
  0.3671983  0.58311   ]]
[[0.31753826 0.36344397 0.19718719 0.5898562  0.29331318 0.3671983
  1.         0.39997578]]
[[0.430317   0.4740321  0.30868557 0.34844124 0.48399004 0.58311
  0.39997578 1.        ]]
